time	theta	alt	v
109	-11	9750	472
111	-10	9530	480
113	-7.5	9250	488
115	0	9100	490
116	5.5	9110	489
117	5	9170	485
118	17.5	9410	478
119	24	9650	468
120	32.5	10100	454
121	39	10300	444
122	50	11000	421
123	54	11800	410
124	66.5	12200	383
125	72.5	12800	366
126	85	13600	340
127	95	14300	320
128	106	14900	300
129	107.5	15100	291
130	117.5	16100	265
131	125	16500	250
132	131.5	17000	236
133	137.5	17400	223
134	147.5	17900	209
135	154	18100	203
136	162.5	18400	193
137	167.5	18600	189
138	175	18700	185
139	185	18800	184
140	192.5	18800	185
141	198	18800	187
142	208	18700	193
143	215	18600	196
144	227.5	18300	207
145	232.5	18100	214
146	245	17700	227
147	250	17400	236
148	255.5	16900	249
149	275	16400	260
150	277	15800	282
151	280	15300	291
152	285	14600	314
153	291	14000	329
154	295	13700	335
155	307	12900	355
156	312.5	12400	364
157	319	11800	375
158	330	11100	392
159	333	10900	396
160	345	10400	404
161	348	10200	407
162	355	10100	411
163	360	10000	413
164	361	10000	414
165	367	10000	414
166	370	10100	412
167	374	10200	408
168	377	10300	404
169	380.5	10600	398
170	384.5	10900	391
171	387.5	11200	385
172	392.5	11500	376
173	395	11900	367
174	396	12300	357
